0S
316 1
3448 1
322 1
13024 1
386 1
3571 1
380 1
852 1
12711 1
10356 1
10358 1
57806 1
8668 1
13187 1
-36093 -3
8640 1
575 1
697 1
711 1
-16635 -2
969 1
8640 1
-8640 -1
8668 1
-8668 -1
57806 1
-57806 -1
3571 1
-3571 -1
-78685 -4
4605 1
4605 1
-4605 -1
4551 1
4551 1
-4551 -1
-9156 -2
694 1
6253 1
-6253 -1
1569 1
5298 1
-5298 -1
62160 1
-62160 -1
62131 1
3954 1
-3954 -1
-62131 -1
18558 1
21863 1
18558 1
-18558 -1
-40421 -2
24362 1
-24362 -1
24375 1
-24375 -1
24374 1
-24374 -1
24372 1
-24372 -1
24376 1
-24376 -1
24372 1
30897 1
30684 1
36000 1
-121953 -4
24270 1
11107 1
-24270 -1
24270 1
-24270 -1
24126 1
-24126 -1
70807 1
24314 1
-95121 -2
72608 1
24286 1
-96894 -2
24295 1
-24295 -1
71228 1
-71228 -1
72013 1
24295 1
-24295 -1
-72013 -1
69702 1
68495 1
-138197 -2
74781 1
71994 1
24316 1
-171091 -3
69992 1
-69992 -1
37418 1
-37418 -1
37424 1
-37424 -1
71130 1
75623 1
72633 1
24316 1
-243702 -4
24272 1
-24272 -1
70237 1
-70237 -1
24278 1
-24278 -1
39640 1
-39640 -1
73169 1
-73169 -1
36814 1
70766 1
24318 1
-131898 -3
69734 1
-69734 -1
72740 1
-72740 -1
73802 1
-73802 -1
24297 1
-24297 -1
70932 1
69687 1
24246 1
-164865 -3
70147 1
71589 1
28872 1
3972 1
72191 1
71466 1
4000 1
66935 1
24314 1
69381 1
70958 1
21315 1
13073 1
38782 1
-598123 -13
99478 1
59785 1
92200 1
24326 1
97060 1
-372849 -5
95947 1
61265 1
21541 1
82183 1
75861 1
93196 1
24322 1
-454315 -7
94200 1
90611 1
-184811 -2
26014 1
-26014 -1
96553 1
99437 1
24230 1
101317 1
98316 1
103112 1
42081 1
101643 1
-666689 -8
38079 1
11137 1
24351 1
90652 1
68663 1
11827 1
89679 1
45305 1
62903 1
24351 1
95426 1
91283 1
97528 1
37031 1
98274 1
24330 1
94257 1
96867 1
99690 1
35108 1
91261 1
24318 1
98700 1
98303 1
1201 1
34698 1
-34698 -1
-98303 -1
-98700 -1
-150687 -3
-99690 -1
-191124 -2
-24330 -1
-98274 -1
-37031 -1
-97528 -1
-91283 -1
-562373 -11
-28872 -1
-11107 -1
98457 1
65507 1
-163964 -2
98465 1
24347 1
9039 1
96209 1
56668 1
80940 1
96694 1
91497 1
24322 1
97493 1
99132 1
54642 1
8999 1
9633 1
96377 1
310 1
486 1
-310 -1
486 1
-486 -1
310 1
496 1
-310 -1
496 1
-496 -1
310 1
504 1
-310 -1
504 1
-504 -1
504 1
-504 -1
916786 12
-916786 -12
-96377 -1
-54642 -1
-99132 -1
-97493 -1
-24322 -1
-188191 -2
-80940 -1
-152877 -2
-24347 -1
-98465 -1
95619 1
388 1
310 1
498 1
-310 -1
498 1
-498 -1
24314 1
119933 2
-119933 -2
96703 1
88550 1
185253 2
-185253 -2
-305186 -4
97029 1
91374 1
24343 1
212746 3
-212746 -3
96682 1
94414 1
191096 2
-191096 -2
385 1
310 1
532 1
-310 -1
532 1
-532 -1
532 1
-532 -1
-94414 -1
-96682 -1
-24343 -1
-188403 -2
97093 1
310 1
505 1
-310 -1
361 1
-505 -1
361 1
-361 -1
870 1
-361 -1
870 1
-870 -1
95917 1
1081 1
1027 1
193010 2
-193010 -2
24268 1
24268 1
-24268 -1
-24268 -1
-95917 -1
-97093 -1
95359 1
93985 1
189344 2
-189344 -2
-93985 -1
-95359 -1
96106 1
96106 1
-96106 -1
96106 1
-96106 -1
96106 1
-96106 -1
-96106 -1
93795 1
93795 1
-93795 -1
24154 1
24154 1
-24154 -1
-24154 -1
-93795 -1
90825 1
90825 1
-90825 -1
88303 1
88303 1
-88303 -1
93897 1
94532 1
188429 2
-188429 -2
24305 1
24305 1
-24305 -1
99665 1
102677 1
202342 2
-202342 -2
-102677 -1
-99665 -1
-24305 -1
-94532 -1
-93897 -1
-88303 -1
-90825 -1
36670 1
36670 1
-36670 -1
-36670 -1
4116 1
43494 1
43494 1
-43494 -1
-43494 -1
9449 1
-9449 -1
899 1
34787 1
12884 1
47671 2
-47671 -2
-12884 -1
-34787 -1
4927 1
56668 1
36732 1
36645 1
134972 4
-134972 -4
-36645 -1
-36732 -1
-56668 -1
-4927 -1
34886 1
34886 1
-34886 -1
-34886 -1
8658 1
62016 1
310 1
429 1
-310 -1
526 1
-429 -1
548 1
-526 -1
548 1
-548 -1
9052 1
62049 1
13838 1
48529 1
62367 2
-62367 -2
63213 1
8033 1
8033 1
-8033 -1
37926 1
80760 1
118686 2
-118686 -2
-80760 -1
-37926 -1
-8033 -1
-48529 -1
-13838 -1
236775 9
-236775 -9
44482 1
44482 1
-44482 -1
68972 1
68972 1
-68972 -1
-68972 -1
-44482 -1
-204988 -5
-9633 -1
-18038 -2
-4116 -1
49776 1
49776 1
-49776 -1
-49776 -1
17336 1
15860 1
33196 2
-33196 -2
-15860 -1
-17336 -1
17124 1
17124 1
-17124 -1
-17124 -1
15940 1
15940 1
-15940 -1
15940 1
-15940 -1
16266 1
16266 1
-16266 -1
15940 1
-15940 -1
16574 1
16574 1
-16574 -1
-16574 -1
-32206 -2
19702 1
19702 1
-19702 -1
15840 1
17300 1
17300 1
-17300 -1
15840 1
-15840 -1
-17300 -1
-35542 -2
15853 1
18540 1
34393 2
-34393 -2
28839 1
28839 1
-28839 -1
-28839 -1
-18540 -1
-15853 -1
17162 1
17162 1
-17162 -1
17851 1
17851 1
-17851 -1
9059 1
4806 1
41973 1
4806 1
-4806 -1
-4806 -1
-17851 -1
-17162 -1
51032 2
-51032 -2
19797 1
45131 1
64928 2
-64928 -2
-45131 -1
-19797 -1
-51032 -2
