0S
137455 1
316 1
327 1
330 1
12617 1
12617 1
-12617 -1
331 1
13473 1
13473 1
-13473 -1
-26090 -2
26373 1
10335 1
10335 1
-10335 -1
26373 1
-26373 -1
40034 1
40007 1
32997 1
327 1
43063 1
8480 1
574 1
3847 1
42127 1
3726 1
12440 1
42143 1
42102 1
625 1
10007 1
42144 1
12491 1
207180 8
-207180 -8
532 1
12467 1
572 1
13217 1
12467 1
-12467 -1
3847 1
-3847 -1
43063 1
-43063 -1
32997 1
-32997 -1
40007 1
-40007 -1
40034 1
-40034 -1
137517 1
560 1
13190 1
346 1
13671 1
675 1
4317 1
4317 1
-4317 -1
13671 1
-13671 -1
13190 1
-13190 -1
137517 1
-137517 -1
13217 1
-13217 -1
8480 1
-8480 -1
137455 1
-137455 -1
1067 1
1103 1
362 1
5000 1
761 1
1158 1
13095 1
12591 1
13095 1
-13095 -1
12591 1
-12591 -1
433 1
12593 1
13097 1
13097 1
-13097 -1
12593 1
-12593 -1
5000 1
-5000 -1
386 1
12542 1
12542 1
-12542 -1
38307 1
1461 1
7408 1
1455 1
375 1
370 1
1438 1
34424 1
34424 1
-34424 -1
1449 1
1441 1
30044 1
913 1
20508 1
4551 1
5223 1
35590 1
4762 1
10186 1
5205 1
25762 1
4793 1
4793 1
4990 1
5503 1
5261 1
28196 1
5292 1
5281 1
31365 1
5503 1
5280 1
17768 1
5715 1
241527 21
-241527 -21
5280 1
30044 1
-30044 -1
1057 1
20675 1
5503 1
5323 1
18734 1
5503 1
5248 1
20539 1
5292 1
5308 1
5503 1
5266 1
5715 1
5285 1
5306 1
5715 1
5270 1
4129 1
5269 1
21467 1
5503 1
5306 1
5292 1
5277 1
5292 1
5278 1
5292 1
5311 1
5715 1
5280 1
5503 1
5286 1
25067 1
5503 1
5271 1
3458 1
30936 1
5715 1
5503 1
5503 1
5715 1
5503 1
5292 1
32499 1
278827 38
-278827 -38
5503 1
4129 1
-847492 -30
5503 1
5292 1
5503 1
-5503 -1
5292 1
-5292 -1
5503 1
-5503 -1
4129 1
-4129 -1
32499 1
-32499 -1
5292 1
-5292 -1
18734 1
-18734 -1
5292 1
5503 1
-30044 -1
-241527 -21
25561 1
5292 1
5715 1
5503 1
5503 1
5503 1
5715 1
5292 1
-5292 -1
5715 1
-5715 -1
5503 1
-5503 -1
5503 1
-5503 -1
5503 1
-5503 -1
5715 1
-5715 -1
5292 1
-5292 -1
25561 1
-25561 -1
5503 1
-5503 -1
6195 1
5957 1
5957 1
5957 1
5957 1
5957 1
28209 1
6195 1
5720 1
5957 1
5957 1
5957 1
3672 1
5957 1
3672 1
21937 1
6195 1
6195 1
-278827 -38
5720 1
6195 1
6195 1
6195 1
4014 1
242901 27
-242901 -27
5957 1
5957 1
-76952 -7
6195 1
5957 1
6195 1
6195 1
6195 1
3672 1
5720 1
32732 1
5720 1
-69587 -9
5957 1
6195 1
6195 1
24840 1
5957 1
5957 1
6195 1
5957 1
5720 1
5720 1
4292 1
24853 1
4292 1
3672 1
5720 1
23824 1
6195 1
5720 1
5516 1
5720 1
25134 1
5720 1
6195 1
6195 1
-242901 -27
5720 1
6195 1
5720 1
5957 1
5957 1
22719 1
5957 1
5957 1
6195 1
5957 1
5957 1
6195 1
394736 48
-394736 -48
-394736 -48
6817 1
6342 1
6817 1
6579 1
6342 1
6579 1
6579 1
6579 1
6342 1
6579 1
6817 1
6579 1
6342 1
6342 1
6579 1
24142 1
6342 1
128698 17
-128698 -17
6579 1
6579 1
6579 1
6579 1
6342 1
6579 1
6579 1
6342 1
6342 1
6817 1
6817 1
6342 1
6579 1
6817 1
6579 1
6342 1
6579 1
6579 1
6342 1
22609 1
6342 1
6579 1
24702 1
6579 1
6342 1
19353 1
6817 1
6817 1
6342 1
6817 1
243592 30
-243592 -30
6342 1
6579 1
6579 1
-128698 -17
6579 1
6817 1
6817 1
6319 1
6342 1
-6342 -1
39690 6
-39690 -6
5789 1
330 1
333 1
6117 1
4629 1
4582 1
4566 1
4572 1
4567 1
5077 1
11446 1
11547 1
11536 1
-243592 -30
11548 1
-46032 -7
11509 1
11526 1
11540 1
11547 1
11543 1
11533 1
11535 1
11553 1
11530 1
11546 1
11495 1
11438 1
11542 1
11535 1
11540 1
11553 1
11599 1
11566 1
11572 1
5104 1
4573 1
4591 1
4609 1
11461 1
11451 1
346967 37
-346967 -37
11272 1
